0 0 114 120 0 1 
114 0 114 120 0 1 
228 0 114 120 0 1 
342 0 114 120 0 1 
456 0 114 120 0 1 
570 0 114 120 0 4 
684 0 114 120 0 4 
0 120 114 120 0 1 
114 120 114 120 0 1 
228 120 114 120 0 3 
342 120 114 120 0 2 
456 120 114 120 0 2 
570 120 114 120 0 4 
684 120 114 120 0 4 
0 240 114 120 0 0 
114 240 114 120 0 0 
228 240 114 120 0 0 
342 240 114 120 0 0 
456 240 114 120 0 0 
570 240 114 120 0 4 
684 240 114 120 0 4 
0 360 114 120 0 0 
114 360 114 120 0 0 
228 360 114 120 0 0 
342 360 114 120 0 0 
456 360 114 120 0 0 
570 360 114 120 0 4 
684 360 114 120 0 4 
0 480 114 120 0 0 
114 480 114 120 0 0 
228 480 114 120 0 0 
342 480 114 120 0 0 
456 480 114 120 0 0 
570 480 114 120 0 0 
684 480 114 120 0 0 
